0 0.352063 0.438153 0.024984 0.019639
0 0.974609 0.713889 0.050781 0.100000
0 0.625391 0.493056 0.042969 0.041667
0 0.430859 0.948611 0.107031 0.102778
0 0.383984 0.482639 0.044531 0.040278
0 0.835090 0.689382 0.090305 0.084542
0 0.457813 0.468056 0.025000 0.041667
0 0.559059 0.775174 0.082117 0.124764
0 0.765852 0.602361 0.068687 0.075500
0 0.825617 0.553174 0.072453 0.071042
0 0.261719 0.534722 0.040625 0.055556
0 0.485961 0.466681 0.033984 0.043111
0 0.555629 0.460847 0.035242 0.038972
0 0.282715 0.652715 0.056102 0.099875
0 0.323359 0.515882 0.047531 0.090819
0 0.502848 0.649896 0.069930 0.107847
0 0.245195 0.468882 0.037844 0.045958
0 0.396699 0.429840 0.020930 0.020986
