0 0.936516 0.692208 0.085641 0.076556
0 0.979398 0.580125 0.041125 0.071694
0 0.447281 0.573403 0.053781 0.065833
0 0.610254 0.474090 0.050336 0.051625
0 0.596523 0.529813 0.038641 0.048931
0 0.397578 0.657521 0.069687 0.137236
0 0.929129 0.608486 0.083602 0.075306
0 0.676910 0.580743 0.062211 0.066819
0 0.522504 0.693181 0.066523 0.116250
0 0.682719 0.721694 0.086203 0.128083
0 0.811191 0.676153 0.085023 0.082917
0 0.239063 0.520833 0.040625 0.055556
0 0.342187 0.486111 0.043750 0.055556
0 0.330078 0.545139 0.042969 0.062500
0 0.285938 0.645139 0.045312 0.048611
0 0.276953 0.588194 0.042969 0.059722
0 0.205078 0.477083 0.035156 0.037500
0 0.679688 0.959722 0.112500 0.080556
0 0.386719 0.430556 0.042188 0.055556
0 0.473438 0.422222 0.048438 0.038889
0 0.500000 0.485417 0.050000 0.034722
0 0.451562 0.465278 0.031250 0.033333
0 0.545703 0.586806 0.067969 0.081944
0 0.241016 0.464583 0.036719 0.034722
0 0.663152 0.476292 0.043758 0.030861
0 0.840418 0.959729 0.047195 0.068264
0 0.282738 0.782111 0.078508 0.169556
