0 0.733594 0.618056 0.071875 0.075000
0 0.866848 0.720812 0.096039 0.097514
0 0.620637 0.550562 0.052273 0.055542
0 0.267316 0.539250 0.040164 0.069194
0 0.502387 0.554028 0.049195 0.056472
0 0.240484 0.466326 0.041906 0.049708
0 0.659371 0.514181 0.059820 0.047861
0 0.396125 0.691528 0.059344 0.093444
0 0.745027 0.559569 0.055695 0.054778
0 0.779273 0.545604 0.044672 0.039958
0 0.227262 0.470313 0.069102 0.060264
0 0.289469 0.501903 0.037484 0.041806
0 0.560852 0.510090 0.048672 0.048569
0 0.350391 0.426389 0.041406 0.030556
0 0.455078 0.958333 0.116406 0.083333
0 0.428125 0.506944 0.046875 0.041667
0 0.367969 0.511806 0.048438 0.051389
0 0.510547 0.440278 0.107031 0.119444
