0 0.292254 0.506646 0.039008 0.062097
0 0.251699 0.551090 0.041086 0.049458
0 0.913605 0.577306 0.082945 0.086500
0 0.301063 0.596229 0.042797 0.074347
0 0.544289 0.733528 0.073797 0.110306
0 0.748547 0.577972 0.070609 0.064361
0 0.396094 0.425694 0.039062 0.031944
0 0.293238 0.778486 0.072430 0.150000
0 0.737738 0.492535 0.051555 0.051847
0 0.392188 0.633333 0.085938 0.188889
0 0.432812 0.509722 0.053125 0.041667
0 0.376172 0.481250 0.036719 0.031944
0 0.897281 0.460250 0.070922 0.064389
0 0.293750 0.443056 0.037500 0.030556
0 0.260937 0.475000 0.037500 0.055556
0 0.733203 0.794444 0.114844 0.166667
0 0.322051 0.417250 0.041477 0.034167
0 0.333816 0.486021 0.042555 0.046042
0 0.508844 0.566375 0.054641 0.063167
0 0.328020 0.541375 0.038570 0.062972
