0 0.332496 0.536979 0.043039 0.062375
0 0.778430 0.655236 0.084578 0.071583
0 0.800590 0.506889 0.063258 0.047667
0 0.682031 0.497563 0.052500 0.052875
0 0.258871 0.546056 0.041852 0.098833
0 0.493359 0.415972 0.075781 0.062500
0 0.627734 0.890278 0.127344 0.219444
0 0.259766 0.946528 0.077344 0.106944
0 0.468750 0.970833 0.104688 0.058333
0 0.633387 0.444938 0.087336 0.080431
0 0.955594 0.604542 0.060469 0.071000
0 0.565293 0.478840 0.051898 0.052153
0 0.274219 0.490972 0.040625 0.037500
0 0.567578 0.518750 0.055469 0.051389
0 0.373828 0.506944 0.044531 0.041667
0 0.322266 0.481250 0.046094 0.037500
0 0.709703 0.551840 0.060687 0.062014
0 0.821996 0.559021 0.068773 0.055764
0 0.424316 0.566549 0.052336 0.080403
0 0.301055 0.650069 0.051656 0.093056
