0 0.258984 0.547917 0.039844 0.048611
0 0.263281 0.480556 0.039062 0.033333
0 0.528711 0.726479 0.068359 0.103097
0 0.718422 0.604090 0.064609 0.080347
0 0.850078 0.562396 0.061766 0.079153
0 0.785410 0.561993 0.099039 0.095264
0 0.276934 0.604681 0.046836 0.076667
0 0.456922 0.587201 0.055906 0.070347
0 0.591023 0.523118 0.037328 0.045514
0 0.386320 0.626479 0.060344 0.094069
0 0.482926 0.471910 0.041492 0.029542
0 0.575605 0.480167 0.052039 0.051056
0 0.613719 0.476444 0.036594 0.034639
0 0.306184 0.413299 0.020102 0.019597
0 0.781250 0.418750 0.034375 0.031944
0 0.815625 0.927083 0.150000 0.145833
0 0.432812 0.937500 0.107813 0.125000
0 0.410156 0.433333 0.026562 0.025000
0 0.483594 0.438889 0.035937 0.030556
0 0.376563 0.438194 0.031250 0.029167
0 0.451953 0.514583 0.046094 0.040278
0 0.345703 0.488889 0.042969 0.050000
