0 0.353422 0.465382 0.048797 0.066292
0 0.440617 0.581764 0.052109 0.067083
0 0.447813 0.457743 0.046500 0.048264
0 0.626020 0.499549 0.052102 0.053181
0 0.491508 0.462472 0.038531 0.040222
0 0.532348 0.674667 0.070008 0.105194
0 0.250000 0.456944 0.046875 0.030556
0 0.290234 0.594444 0.080469 0.172222
0 0.250000 0.516667 0.043750 0.083333
0 0.595125 0.528715 0.048922 0.060597
0 0.499820 0.556868 0.065250 0.073042
0 0.839027 0.618604 0.091758 0.080875
0 0.515625 0.431944 0.050000 0.030556
0 0.835938 0.552778 0.085938 0.055556
0 0.966797 0.718750 0.066406 0.076389
0 0.722699 0.548438 0.064523 0.070153
0 0.342871 0.543014 0.040086 0.067778
