0 0.402344 0.444444 0.026562 0.027778
0 0.275781 0.486111 0.039062 0.033333
0 0.241406 0.533333 0.037500 0.044444
0 0.479687 0.611111 0.064062 0.083333
0 0.378906 0.609722 0.057813 0.080556
0 0.635223 0.557438 0.058961 0.051931
0 0.772852 0.652861 0.078312 0.090583
0 0.814422 0.519597 0.059906 0.057917
0 0.768801 0.568944 0.067367 0.067306
0 0.608117 0.889674 0.110719 0.182292
0 0.275813 0.707993 0.062688 0.101264
0 0.271941 0.832722 0.080508 0.161889
0 0.686523 0.742688 0.090188 0.116347
0 0.497332 0.481389 0.042758 0.038750
0 0.462691 0.949444 0.114289 0.095083
0 0.326355 0.416861 0.034852 0.035861
0 0.762918 0.409319 0.037430 0.050444
0 0.965617 0.707667 0.064375 0.065278
0 0.549219 0.462500 0.042188 0.041667
0 0.434375 0.437500 0.025000 0.027778
0 0.307812 0.469444 0.040625 0.033333
